Node,Distance,Numerical solution of phi ,Analytical solution of phi 
1,0.01,1.0,1.0
2,0.03,1.0,1.0
3,0.05,1.0,1.0
4,0.07,1.0,1.0
5,0.09,1.0,1.0
6,0.11,1.0,1.0
7,0.13,1.0,1.0
8,0.15,1.0,1.0
9,0.17,1.0,1.0
10,0.19,1.0,1.0
11,0.21,1.0,1.0
12,0.23,1.0,1.0
13,0.25,1.0,1.0
14,0.27,1.0,1.0
15,0.29,1.0,1.0
16,0.31,1.0,1.0
17,0.33,1.0,1.0
18,0.35000000000000003,1.0,1.0
19,0.37,1.0,1.0
20,0.39,1.0,1.0
21,0.41000000000000003,1.0,1.0
22,0.43,1.0,1.0
23,0.45,0.9999999999999999,1.0
24,0.47000000000000003,0.9999999999999994,1.0
25,0.49,0.9999999999999991,1.0
26,0.51,0.9999999999999973,1.0
27,0.53,0.9999999999999959,1.0
28,0.55,0.9999999999999879,1.0
29,0.5700000000000001,0.9999999999999822,1.0
30,0.59,0.9999999999999484,1.0
31,0.61,0.9999999999999247,1.0
32,0.63,0.9999999999997834,1.0
33,0.65,0.9999999999996773,1.0
34,0.67,0.9999999999990395,1.0
35,0.6900000000000001,0.9999999999981782,1.0
36,0.71,0.9999999999930104,1.0
37,0.73,0.9999999999734587,1.0
38,0.75,0.9999999998561488,1.0
39,0.77,0.9999999991951111,1.0
40,0.79,0.9999999952288838,1.0
41,0.81,0.9999999715863559,1.0
42,0.8300000000000001,0.9999998297311882,1.0
43,0.85,0.9999989791412435,0.9999999999999999
44,0.87,0.9999938756015754,0.9999999999999862
45,0.89,0.9999632561838976,0.9999999999980447
46,0.91,0.9997795396778307,0.9999999997257663
47,0.93,0.9986772464453928,0.9999999620288001
48,0.9500000000000001,0.9920634870507646,0.9999948277163905
49,0.97,0.9523809470126655,0.999310467197038
50,0.99,0.7142857067840709,0.9107622823924667
